1.192092895507812500e-04 -7.399513687665479657e-22
3.633499145507812500e-04 -6.206245088914395358e-22
6.074905395507812500e-04 -4.719188990339934989e-22
8.516311645507812500e-04 -2.973383503497184350e-22
1.095771789550781250e-03 -1.020589785379847780e-22
1.339912414550781250e-03 1.069475045500395559e-22
1.584053039550781250e-03 3.208207933870114430e-22
1.828193664550781250e-03 5.289586517661255006e-22
2.072334289550781250e-03 7.195102077944210332e-22
2.316474914550781250e-03 8.800903463262037056e-22
2.560615539550781250e-03 9.986275999998962523e-22
2.804756164550781250e-03 1.064437407901659251e-21
3.048896789550781250e-03 1.069509143929401326e-21
3.293037414550781250e-03 1.009716416042022616e-21
3.537178039550781250e-03 8.856736794963114441e-22
3.781318664550781250e-03 7.032088842814291312e-22
4.025459289550781250e-03 4.734474184063089239e-22
4.269599914550781250e-03 2.123287018807731093e-22
4.513740539550781250e-03 -6.056686591489176247e-23
4.757881164550781250e-03 -3.237047714737909667e-22
5.002021789550781250e-03 -5.555254012440702806e-22
5.246162414550781250e-03 -7.365178619857296862e-22
5.490303039550781250e-03 -8.513455864821682347e-22
5.734443664550781250e-03 -8.906867089604666462e-22
5.978584289550781250e-03 -8.524092454578329905e-22
6.222724914550781250e-03 -7.419681622906638091e-22
6.466865539550781250e-03 -5.720668093296037080e-22
6.711006164550781250e-03 -3.615159234582648016e-22
6.955146789550781250e-03 -1.332301203642624539e-22
7.199287414550781250e-03 8.839411251990016384e-23
7.443428039550781250e-03 2.802644856084514449e-22
7.687568664550781250e-03 4.232165713439281220e-22
7.931709289550781250e-03 5.042663071027633385e-22
8.175849914550781250e-03 5.181543538366589044e-22
8.419990539550781250e-03 4.678089096478235183e-22
8.664131164550781250e-03 3.636594523719324283e-22
8.908271789550781250e-03 2.220463588626547385e-22
9.152412414550781250e-03 6.296053914516609956e-23
9.396553039550781250e-03 -9.271563738954395117e-23
9.640693664550781250e-03 -2.260832921595273036e-22
9.884834289550781250e-03 -3.226422555180530071e-22
1.012897491455078125e-02 -3.738683566464562612e-22
1.037311553955078125e-02 -3.779012311039010846e-22
1.061725616455078125e-02 -3.393442407478563386e-22
1.086139678955078125e-02 -2.681282388977919580e-22
1.110553741455078125e-02 -1.776037058515109655e-22
1.134967803955078125e-02 -8.232684875171323573e-23
1.159381866455078125e-02 4.030808426277402901e-24
1.183795928955078125e-02 7.047054336963170777e-23
1.208209991455078125e-02 1.100042105002498173e-22
1.232624053955078125e-02 1.202817817301055934e-22
1.257038116455078125e-02 1.033922476881638418e-22
1.281452178955078125e-02 6.504658095208115981e-23
1.305866241455078125e-02 1.343296460981934989e-23
1.330280303955078125e-02 -4.212746749081291159e-23
1.354694366455078125e-02 -9.259804971275236278e-23
1.379108428955078125e-02 -1.304227414726266740e-22
1.403522491455078125e-02 -1.502768581001361828e-22
1.427936553955078125e-02 -1.494466264579977367e-22
1.452350616455078125e-02 -1.279793652275365689e-22
1.476764678955078125e-02 -8.853752196810919835e-23
1.501178741455078125e-02 -3.586151708585735988e-23
1.525592803955078125e-02 2.399586555488134653e-23
1.550006866455078125e-02 8.440722976727144160e-23
1.574420928955078125e-02 1.388592850130375296e-22
1.598834991455078125e-02 1.816962264297924519e-22
1.623249053955078125e-02 2.088267343309438378e-22
1.647663116455078125e-02 2.181844623598727901e-22
1.672077178955078125e-02 2.099075574046033306e-22
1.696491241455078125e-02 1.863269632555594631e-22
1.720905303955078125e-02 1.517122026169581448e-22
1.745319366455078125e-02 1.116506218136475280e-22
1.769733428955078125e-02 7.216145850518517108e-23
1.794147491455078125e-02 3.882066479574249408e-23
1.818561553955078125e-02 1.601972672672122094e-23
1.842975616455078125e-02 6.327006719388606677e-24
1.867389678955078125e-02 1.005343231907873383e-23
1.891803741455078125e-02 2.524706376111850266e-23
1.916217803955078125e-02 4.814319982229729039e-23
1.940631866455078125e-02 7.384955424838285327e-23
1.965045928955078125e-02 9.710994775242114641e-23
1.989459991455078125e-02 1.131506978622009292e-22
2.013874053955078125e-02 1.185093081926805335e-22
2.038288116455078125e-02 1.115789986665239080e-22
2.062702178955078125e-02 9.274488716697490612e-23
2.087116241455078125e-02 6.424288002943072512e-23
2.111530303955078125e-02 2.984045625345614903e-23
2.135944366455078125e-02 -5.738984022835855303e-24
2.160358428955078125e-02 -3.764067802200689359e-23
2.184772491455078125e-02 -6.169867476065399542e-23
2.209186553955078125e-02 -7.502601404933397548e-23
2.233600616455078125e-02 -7.639399936785276615e-23
2.258014678955078125e-02 -6.645103840066972733e-23
2.282428741455078125e-02 -4.766500687192974851e-23
2.306842803955078125e-02 -2.390648113554705329e-23
2.331256866455078125e-02 1.766954311219807116e-25
2.355670928955078125e-02 1.980350889762083042e-23
2.380084991455078125e-02 3.071533496814702002e-23
2.404499053955078125e-02 2.984873031135763342e-23
2.428913116455078125e-02 1.583573734325509945e-23
2.453327178955078125e-02 -1.085265324431931244e-23
2.477741241455078125e-02 -4.804376519424267992e-23
2.502155303955078125e-02 -9.211615321352962322e-23
2.526569366455078125e-02 -1.383903385029811809e-22
2.550983428955078125e-02 -1.817355056509719186e-22
2.575397491455078125e-02 -2.172524553208896450e-22
2.599811553955078125e-02 -2.408040982595028147e-22
2.624225616455078125e-02 -2.493866911543774908e-22
2.648639678955078125e-02 -2.414650539143377893e-22
2.673053741455078125e-02 -2.172095846994589512e-22
2.697467803955078125e-02 -1.784531479204530750e-22
2.721881866455078125e-02 -1.283868068024117694e-22
2.746295928955078125e-02 -7.118516021812775314e-23
2.770709991455078125e-02 -1.160511042248440061e-23
2.795124053955078125e-02 4.554925172565789702e-23
2.819538116455078125e-02 9.604204616541199663e-23
2.843952178955078125e-02 1.366660981371784795e-22
2.868366241455078125e-02 1.654512055904952446e-22
2.892780303955078125e-02 1.817235370495738149e-22
2.917194366455078125e-02 1.860407704593521567e-22
2.941608428955078125e-02 1.798929148388869949e-22
2.966022491455078125e-02 1.652042099431805665e-22
2.990436553955078125e-02 1.438788950166040385e-22
3.014850616455078125e-02 1.175339877132916783e-22
3.039264678955078125e-02 8.734659250279713675e-23
3.063678741455078125e-02 5.399645437041044989e-23
3.088092803955078125e-02 1.783885671682378247e-23
3.112506866455078125e-02 -2.068678180042411000e-23
3.136920928955078125e-02 -6.066089953871245972e-23
3.161334991455078125e-02 -1.005006527239054383e-22
3.185749053955078125e-02 -1.379401324802227875e-22
3.210163116455078125e-02 -1.701111415611502674e-22
3.234577178955078125e-02 -1.938380144247165039e-22
3.258991241455078125e-02 -2.061959088942021300e-22
3.283405303955078125e-02 -2.051119039668618218e-22
3.307819366455078125e-02 -1.897633330598662630e-22
3.332233428955078125e-02 -1.607678951439890649e-22
3.356647491455078125e-02 -1.202348018100576225e-22
3.381061553955078125e-02 -7.159025699098625266e-23
3.405475616455078125e-02 -1.910163885285975138e-23
3.429889678955078125e-02 3.272714126156328304e-23
3.454303741455078125e-02 7.965392934449383927e-23
3.478717803955078125e-02 1.180858859306905303e-22
3.503131866455078125e-02 1.454488140550600752e-22
3.527545928955078125e-02 1.604475779327049293e-22
3.551959991455078125e-02 1.630683940708238632e-22
3.576374053955078125e-02 1.544023245263292677e-22
3.600788116455078125e-02 1.364813846355252019e-22
3.625202178955078125e-02 1.121124725846946996e-22
3.649616241455078125e-02 8.456698383319269577e-23
3.674030303955078125e-02 5.717727861612222623e-23
3.698444366455078125e-02 3.302678894009762393e-23
3.722858428955078125e-02 1.473549589202024960e-23
3.747272491455078125e-02 4.196050182772369968e-24
3.771686553955078125e-02 2.294182579151542841e-24
3.796100616455078125e-02 8.814517046396019285e-24
3.820514678955078125e-02 2.256796959480522937e-23
3.844928741455078125e-02 4.158071866369839701e-23
3.869342803955078125e-02 6.330252801253785545e-23
3.893756866455078125e-02 8.495248509481185666e-23
3.918170928955078125e-02 1.039731658250472739e-22
3.942584991455078125e-02 1.183725016778137783e-22
3.966999053955078125e-02 1.268680953795212861e-22
3.991413116455078125e-02 1.289711446379689279e-22
4.015827178955078125e-02 1.250548222021860404e-22
4.040241241455078125e-02 1.162511581973375987e-22
4.064655303955078125e-02 1.041327323766470856e-22
4.089069366455078125e-02 9.037660715542156032e-23
4.113483428955078125e-02 7.653496170810778353e-23
4.137897491455078125e-02 6.380371095088142320e-23
4.162311553955078125e-02 5.273841925363613231e-23
4.186725616455078125e-02 4.309720185696386378e-23
4.211139678955078125e-02 3.393622273418336106e-23
4.235553741455078125e-02 2.382594646776057584e-23
4.259967803955078125e-02 1.106094602023310508e-23
4.284381866455078125e-02 -6.040278145459249351e-24
4.308795928955078125e-02 -2.867677188508710958e-23
4.333209991455078125e-02 -5.714585665876632166e-23
4.357624053955078125e-02 -9.068296954104893396e-23
4.382038116455078125e-02 -1.275138983764290459e-22
4.406452178955078125e-02 -1.649876276658558430e-22
4.430866241455078125e-02 -1.998510217712971324e-22
4.455280303955078125e-02 -2.287570477598663574e-22
4.479694366455078125e-02 -2.488483650927186072e-22
4.504108428955078125e-02 -2.581704437881139576e-22
4.528522491455078125e-02 -2.558988618467762722e-22
4.552936553955078125e-02 -2.424840670396625369e-22
4.577350616455078125e-02 -2.196373856357699698e-22
4.601764678955078125e-02 -1.900174068739594848e-22
4.626178741455078125e-02 -1.567301180583879621e-22
4.650592803955078125e-02 -1.229038777435307349e-22
4.675006866455078125e-02 -9.138165680739709383e-23
4.699420928955078125e-02 -6.439684920530898343e-23
4.723834991455078125e-02 -4.327063017753908039e-23
4.748249053955078125e-02 -2.831726458023011944e-23
4.772663116455078125e-02 -1.895196024657972682e-23
4.797077178955078125e-02 -1.381315862492783102e-23
4.821491241455078125e-02 -1.087354769491708599e-23
4.845905303955078125e-02 -7.697456025198959841e-24
4.870319366455078125e-02 -1.847076370874279524e-24
4.894733428955078125e-02 8.756770618949972627e-24
4.919147491455078125e-02 2.557238638465182112e-23
4.943561553955078125e-02 4.913019456459330046e-23
4.967975616455078125e-02 7.869630128159641754e-23
4.992389678955078125e-02 1.121649290773437803e-22
5.016803741455078125e-02 1.463020613505549577e-22
5.041217803955078125e-02 1.771674354361182684e-22
5.065631866455078125e-02 2.005834704824076570e-22
5.090045928955078125e-02 2.127427636307531674e-22
5.114459991455078125e-02 2.109575928765391462e-22
5.138874053955078125e-02 1.942784832144593005e-22
5.163288116455078125e-02 1.637508251004288090e-22
5.187702178955078125e-02 1.223616835905587512e-22
5.212116241455078125e-02 7.475590759217670811e-23
5.236530303955078125e-02 2.662005611716081233e-23
5.260944366455078125e-02 -1.627081502444191190e-23
5.285358428955078125e-02 -4.902800401566909087e-23
5.309772491455078125e-02 -6.832171932013791390e-23
5.334186553955078125e-02 -7.274559142420179014e-23
5.358600616455078125e-02 -6.296906830398944326e-23
5.383014678955078125e-02 -4.157265980833978495e-23
5.407428741455078125e-02 -1.246295768742552442e-23
5.431842803955078125e-02 1.992900990696117717e-23
5.456256866455078125e-02 5.136054955209103728e-23
5.480670928955078125e-02 7.834574139453366003e-23
5.505084991455078125e-02 9.863756149798977145e-23
5.529499053955078125e-02 1.114784917563080336e-22
5.553913116455078125e-02 1.174275506899473595e-22
5.578327178955078125e-02 1.178870090688734162e-22
