1.192092895507812500e-04 -2.861419079309781424e-22
3.633499145507812500e-04 -1.287013001593502685e-22
6.074905395507812500e-04 4.008639595532349773e-23
8.516311645507812500e-04 2.125406974304625844e-22
1.095771789550781250e-03 3.804126914477968584e-22
1.339912414550781250e-03 5.354275337728668248e-22
1.584053039550781250e-03 6.697020669882544059e-22
1.828193664550781250e-03 7.759942620904663059e-22
2.072334289550781250e-03 8.478938388754027614e-22
2.316474914550781250e-03 8.800463238644139988e-22
2.560615539550781250e-03 8.684364758901603449e-22
2.804756164550781250e-03 8.107864607406635778e-22
3.048896789550781250e-03 7.071207938801439702e-22
3.293037414550781250e-03 5.604015338733934173e-22
3.537178039550781250e-03 3.770150083951445238e-22
3.781318664550781250e-03 1.669427993624473943e-22
4.025459289550781250e-03 -5.646587007639130020e-23
4.269599914550781250e-03 -2.772136659441173171e-22
4.513740539550781250e-03 -4.779290454539149855e-22
4.757881164550781250e-03 -6.415837781878676756e-22
5.002021789550781250e-03 -7.533979522026919006e-22
5.246162414550781250e-03 -8.026886750551063612e-22
5.490303039550781250e-03 -7.844457797495879787e-22
5.734443664550781250e-03 -7.003564840482047656e-22
5.978584289550781250e-03 -5.590118898566095461e-22
6.222724914550781250e-03 -3.752151101236267442e-22
6.466865539550781250e-03 -1.684917590177116682e-22
6.711006164550781250e-03 3.905571573350257346e-23
6.955146789550781250e-03 2.253528816827720523e-22
7.199287414550781250e-03 3.710463520191054705e-22
7.443428039550781250e-03 4.618173009974724239e-22
7.687568664550781250e-03 4.899775086810293603e-22
7.931709289550781250e-03 4.551979454608774865e-22
8.175849914550781250e-03 3.643001907567435395e-22
8.419990539550781250e-03 2.301273742772795506e-22
8.664131164550781250e-03 6.970530866056148248e-23
8.908271789550781250e-03 -9.796325346163542275e-23
9.152412414550781250e-03 -2.541880341981120419e-22
9.396553039550781250e-03 -3.827606165511861109e-22
9.640693664550781250e-03 -4.717494509010515859e-22
9.884834289550781250e-03 -5.146402868927656538e-22
1.012897491455078125e-02 -5.106893733646875642e-22
1.037311553955078125e-02 -4.645310879218163590e-22
1.061725616455078125e-02 -3.851325557277875748e-22
1.086139678955078125e-02 -2.842344848520442527e-22
1.110553741455078125e-02 -1.745571167999067136e-22
1.134967803955078125e-02 -6.811752080521206631e-23
1.159381866455078125e-02 2.511325449517943869e-23
1.183795928955078125e-02 9.812245803873723584e-23
1.208209991455078125e-02 1.472770017816962289e-22
1.232624053955078125e-02 1.722388202458864223e-22
1.257038116455078125e-02 1.754952605801044665e-22
1.281452178955078125e-02 1.616926427815093833e-22
1.305866241455078125e-02 1.368702031305028055e-22
1.330280303955078125e-02 1.076164240619992391e-22
1.354694366455078125e-02 8.022774144130187184e-23
1.379108428955078125e-02 5.999616920388907875e-23
1.403522491455078125e-02 5.068066007012017422e-23
1.427936553955078125e-02 5.415753280681663343e-23
1.452350616455078125e-02 7.028996778933341808e-23
1.476764678955078125e-02 9.707124460249245225e-23
1.501178741455078125e-02 1.309938783174836952e-22
1.525592803955078125e-02 1.675258025829356223e-22
1.550006866455078125e-02 2.016366525213659148e-22
1.574420928955078125e-02 2.283710739554767233e-22
1.598834991455078125e-02 2.434128962589985205e-22
1.623249053955078125e-02 2.435545993416983868e-22
1.647663116455078125e-02 2.270609069221809198e-22
1.672077178955078125e-02 1.939500997503106968e-22
1.696491241455078125e-02 1.461312211456463240e-22
1.720905303955078125e-02 8.728617478296218357e-23
1.745319366455078125e-02 2.247604735539678093e-23
1.769733428955078125e-02 -4.245252088095709505e-23
1.794147491455078125e-02 -1.015844237512783865e-22
1.818561553955078125e-02 -1.496974629525230716e-22
1.842975616455078125e-02 -1.829269098455130311e-22
1.867389678955078125e-02 -1.991881577514670627e-22
1.891803741455078125e-02 -1.983164262433560226e-22
1.916217803955078125e-02 -1.819599729838038274e-22
1.940631866455078125e-02 -1.532489541583687696e-22
1.965045928955078125e-02 -1.162693875774536047e-22
1.989459991455078125e-02 -7.543834038258125524e-23
2.013874053955078125e-02 -3.488922140181756010e-23
2.038288116455078125e-02 2.077634840165755644e-24
2.062702178955078125e-02 3.342376292959355150e-23
2.087116241455078125e-02 5.857264747539786423e-23
2.111530303955078125e-02 7.830153021142364186e-23
2.135944366455078125e-02 9.436067535323124158e-23
2.160358428955078125e-02 1.089196577103893118e-22
2.184772491455078125e-02 1.239310800077355216e-22
2.209186553955078125e-02 1.405289255905516162e-22
2.233600616455078125e-02 1.586291748572703513e-22
2.258014678955078125e-02 1.768490849371636127e-22
2.282428741455078125e-02 1.927276791220694032e-22
2.306842803955078125e-02 2.031629546449373069e-22
2.331256866455078125e-02 2.049967564469858250e-22
2.355670928955078125e-02 1.956575121551538036e-22
2.380084991455078125e-02 1.737166392297590443e-22
2.404499053955078125e-02 1.392431284121869991e-22
2.428913116455078125e-02 9.393162596212028429e-23
2.453327178955078125e-02 4.100413652242044043e-23
2.477741241455078125e-02 -1.513943128990871484e-23
2.502155303955078125e-02 -6.950292255047311297e-23
2.526569366455078125e-02 -1.171983830459912260e-22
2.550983428955078125e-02 -1.541446021156989222e-22
2.575397491455078125e-02 -1.776646671145559581e-22
2.599811553955078125e-02 -1.868736908642779752e-22
2.624225616455078125e-02 -1.827360007628261884e-22
2.648639678955078125e-02 -1.677718430909866679e-22
2.673053741455078125e-02 -1.455287367936979865e-22
2.697467803955078125e-02 -1.199525283768711977e-22
2.721881866455078125e-02 -9.474848786273027493e-23
2.746295928955078125e-02 -7.284106830322132673e-23
2.770709991455078125e-02 -5.605949916035735740e-23
2.795124053955078125e-02 -4.507920994479117281e-23
2.819538116455078125e-02 -3.953651172325017760e-23
2.843952178955078125e-02 -3.825666834285029815e-23
2.868366241455078125e-02 -3.959834242118304589e-23
2.892780303955078125e-02 -4.186095958974453057e-23
2.917194366455078125e-02 -4.362142032361438968e-23
2.941608428955078125e-02 -4.392885284392638130e-23
2.966022491455078125e-02 -4.239359559356386752e-23
2.990436553955078125e-02 -3.918406155667277968e-23
3.014850616455078125e-02 -3.488668267553939619e-23
3.039264678955078125e-02 -3.026145535700630400e-23
3.063678741455078125e-02 -2.602668114337850013e-23
3.088092803955078125e-02 -2.274485811715390598e-23
3.112506866455078125e-02 -2.077085792270192755e-23
3.136920928955078125e-02 -2.025229249777040420e-23
3.161334991455078125e-02 -2.122628989984158684e-23
3.185749053955078125e-02 -2.376296614116539167e-23
3.210163116455078125e-02 -2.801272790930021746e-23
3.234577178955078125e-02 -3.412025736310500618e-23
3.258991241455078125e-02 -4.210976690809175803e-23
3.283405303955078125e-02 -5.179516620727298346e-23
3.307819366455078125e-02 -6.267151577692758419e-23
3.332233428955078125e-02 -7.382201259926135916e-23
3.356647491455078125e-02 -8.397050251162835291e-23
3.381061553955078125e-02 -9.169435168177886906e-23
3.405475616455078125e-02 -9.565715674958943081e-23
3.429889678955078125e-02 -9.478398609688497782e-23
3.454303741455078125e-02 -8.843177130692885923e-23
3.478717803955078125e-02 -7.654702471395522352e-23
3.503131866455078125e-02 -5.969921845629218848e-23
3.527545928955078125e-02 -3.897396246394491948e-23
3.551959991455078125e-02 -1.584192600922628768e-23
3.576374053955078125e-02 7.960529095292203789e-24
3.600788116455078125e-02 3.062442930242671797e-23
3.625202178955078125e-02 5.052708674532732727e-23
3.649616241455078125e-02 6.641631836639168606e-23
3.674030303955078125e-02 7.747790322052038058e-23
3.698444366455078125e-02 8.339366652721667301e-23
3.722858428955078125e-02 8.441039396637465922e-23
3.747272491455078125e-02 8.129659634358184014e-23
3.771686553955078125e-02 7.516452444410541789e-23
3.796100616455078125e-02 6.729521102779794283e-23
3.820514678955078125e-02 5.901435434877521448e-23
3.844928741455078125e-02 5.151345414270314170e-23
3.869342803955078125e-02 4.561382545099692200e-23
3.893756866455078125e-02 4.163810819835220205e-23
3.918170928955078125e-02 3.945031509362324533e-23
3.942584991455078125e-02 3.854080024114562153e-23
3.966999053955078125e-02 3.810827356050532193e-23
3.991413116455078125e-02 3.724495009076701580e-23
4.015827178955078125e-02 3.522294557852200493e-23
4.040241241455078125e-02 3.169714500102670612e-23
4.064655303955078125e-02 2.673826308062375199e-23
4.089069366455078125e-02 2.081059380723567884e-23
4.113483428955078125e-02 1.474626727281793167e-23
4.137897491455078125e-02 9.609168528636512126e-24
4.162311553955078125e-02 6.441916831995814502e-24
4.186725616455078125e-02 6.068689598091841986e-24
4.211139678955078125e-02 9.023690099008091725e-24
4.235553741455078125e-02 1.547738003326368494e-23
4.259967803955078125e-02 2.512093132931983346e-23
4.284381866455078125e-02 3.716024973654419902e-23
4.308795928955078125e-02 5.046887806914553715e-23
4.333209991455078125e-02 6.373598192024263386e-23
4.357624053955078125e-02 7.553169205808869794e-23
4.382038116455078125e-02 8.442164866418175956e-23
4.406452178955078125e-02 8.917791587332219026e-23
4.430866241455078125e-02 8.892283584179130867e-23
4.455280303955078125e-02 8.313038902604627847e-23
4.479694366455078125e-02 7.163645777926519602e-23
4.504108428955078125e-02 5.474081497686663542e-23
4.528522491455078125e-02 3.326625953899646406e-23
4.552936553955078125e-02 8.505122063051985937e-24
4.577350616455078125e-02 -1.782001549211068820e-23
4.601764678955078125e-02 -4.355566924255208362e-23
4.626178741455078125e-02 -6.627583294312368877e-23
4.650592803955078125e-02 -8.368100503451424751e-23
4.675006866455078125e-02 -9.402602416035148229e-23
4.699420928955078125e-02 -9.639893839661000181e-23
4.723834991455078125e-02 -9.091562642544725546e-23
4.748249053955078125e-02 -7.886001346908524895e-23
4.772663116455078125e-02 -6.259810921496836390e-23
4.797077178955078125e-02 -4.519120907821425383e-23
4.821491241455078125e-02 -2.989953519712109912e-23
4.845905303955078125e-02 -1.972529076601843373e-23
4.870319366455078125e-02 -1.692065495404689006e-23
4.894733428955078125e-02 -2.246271314757823939e-23
4.919147491455078125e-02 -3.573946479733588723e-23
4.943561553955078125e-02 -5.459908908632777871e-23
4.967975616455078125e-02 -7.562330869210019038e-23
4.992389678955078125e-02 -9.451444194629596251e-23
5.016803741455078125e-02 -1.067078634386923247e-22
5.041217803955078125e-02 -1.082114226710984450e-22
5.065631866455078125e-02 -9.636627978206424710e-23
5.090045928955078125e-02 -7.028162531287383835e-23
5.114459991455078125e-02 -3.101431016790658746e-23
5.138874053955078125e-02 1.842462837692852427e-23
5.163288116455078125e-02 7.337643979248566258e-23
5.187702178955078125e-02 1.282101960879108352e-22
5.212116241455078125e-02 1.771251492435295610e-22
5.236530303955078125e-02 2.148656652221966284e-22
5.260944366455078125e-02 2.373983679093582176e-22
5.285358428955078125e-02 2.425616601862841090e-22
5.309772491455078125e-02 2.304444036357812941e-22
5.334186553955078125e-02 2.033243115619962420e-22
5.358600616455078125e-02 1.653070836438465236e-22
5.383014678955078125e-02 1.218062500767476714e-22
5.407428741455078125e-02 7.877716978297065886e-23
5.431842803955078125e-02 4.171081884187241894e-23
5.456256866455078125e-02 1.470447894661746813e-23
5.480670928955078125e-02 -1.140972263536838717e-25
5.505084991455078125e-02 -2.851781479936678516e-24
5.529499053955078125e-02 4.126660770037995801e-24
5.553913116455078125e-02 1.656231533012559566e-23
5.578327178955078125e-02 2.910031306764086152e-23
