4.094125000018641880e-06 -7.297885796388302144e-22
2.482347500000186419e-04 -5.302954319566595106e-22
4.923753750000186419e-04 -2.973755692936754770e-22
7.365160000000186419e-04 -4.068552497622734627e-23
9.806566250000186419e-04 2.273441795339225795e-22
1.224797250000018642e-03 4.920477575847627854e-22
1.468937875000018642e-03 7.373810370041768453e-22
1.713078500000018642e-03 9.470455756474978510e-22
1.957219125000018642e-03 1.105811355958044740e-21
2.201359750000018642e-03 1.200941455388451805e-21
2.445500375000018642e-03 1.223570177252006227e-21
2.689641000000018642e-03 1.169859893083455484e-21
2.933781625000018642e-03 1.041786930661291784e-21
3.177922250000018642e-03 8.474420095485890029e-22
3.422062875000018642e-03 6.007521578083339613e-22
3.666203500000018642e-03 3.205778577347571407e-22
3.910344125000018642e-03 2.923052368250966738e-23
4.154484750000018642e-03 -2.494583731702335616e-22
4.398625375000018642e-03 -4.923406860191050074e-22
4.642766000000018642e-03 -6.792178995640799301e-22
4.886906625000018642e-03 -7.949170518751766046e-22
5.131047250000018642e-03 -8.309137051872295759e-22
5.375187875000018642e-03 -7.862967654863168812e-22
5.619328500000018642e-03 -6.679532953272647415e-22
5.863469125000018642e-03 -4.899215190563406304e-22
6.107609750000018642e-03 -2.719429707109586819e-22
6.351750375000018642e-03 -3.736121540418746146e-23
6.595891000000018642e-03 1.893837560655011276e-22
6.840031625000018642e-03 3.853769109784885760e-22
7.084172250000018642e-03 5.316745586768729616e-22
7.328312875000018642e-03 6.152869765119974664e-22
7.572453500000018642e-03 6.304454546184000252e-22
7.816594125000018642e-03 5.790052516672832620e-22
8.060734750000018642e-03 4.699635807649540031e-22
8.304875375000018642e-03 3.181694197459370183e-22
8.549016000000018642e-03 1.423832115683284273e-22
8.793156625000018642e-03 -3.706345294810262543e-23
9.037297250000018642e-03 -2.006929240815618605e-22
9.281437875000018642e-03 -3.320856176556560017e-22
9.525578500000018642e-03 -4.196159294398884211e-22
9.769719125000018642e-03 -4.575307489151005113e-22
1.001385975000001864e-02 -4.462519915325265389e-22
1.025800037500001864e-02 -3.918987879034580958e-22
1.050214100000001864e-02 -3.051467157948211411e-22
1.074628162500001864e-02 -1.996119739136922524e-22
1.099042225000001864e-02 -8.997731812202192958e-23
1.123456287500001864e-02 9.895285581089905498e-24
1.147870350000001864e-02 8.861147797060318322e-23
1.172284412500001864e-02 1.384506638655573306e-22
1.196698475000001864e-02 1.560238494948712910e-22
1.221112537500001864e-02 1.423481062650871827e-22
1.245526600000001864e-02 1.023576161592978293e-22
1.269940662500001864e-02 4.394675844570937832e-23
1.294354725000001864e-02 -2.328341378607168461e-23
1.318768787500001864e-02 -8.938232778122586697e-23
1.343182850000001864e-02 -1.453424413002276922e-22
1.367596912500001864e-02 -1.841782928727697807e-22
1.392010975000001864e-02 -2.016595089682784258e-22
1.416425037500001864e-02 -1.966217662702049177e-22
1.440839100000001864e-02 -1.708631805645513263e-22
1.465253162500001864e-02 -1.286856288008802864e-22
1.489667225000001864e-02 -7.615755588388243869e-23
1.514081287500001864e-02 -2.020298879298854571e-23
1.538495350000001864e-02 3.234233054377189738e-23
1.562909412500002038e-02 7.557319262792523343e-23
1.587323475000002038e-02 1.051688954222221173e-22
1.611737537500002038e-02 1.188065315925282574e-22
1.636151600000002038e-02 1.162931599090572798e-22
1.660565662500002038e-02 9.941164017139066457e-23
1.684979725000002038e-02 7.153417331124471006e-23
1.709393787500002038e-02 3.708645175124949057e-23
1.733807850000002038e-02 9.335623131774893612e-25
1.758221912500002038e-02 -3.224392898484676571e-23
1.782635975000002038e-02 -5.849805621450490912e-23
1.807050037500002038e-02 -7.501083616831010219e-23
1.831464100000002038e-02 -8.031417071657858117e-23
1.855878162500002038e-02 -7.433784020915056075e-23
1.880292225000002038e-02 -5.829003207988494890e-23
1.904706287500002038e-02 -3.438640731601850001e-23
1.929120350000002038e-02 -5.482374856934558646e-24
1.953534412500002038e-02 2.532056312498904072e-23
1.977948475000002038e-02 5.504861190671888045e-23
2.002362537500002038e-02 8.118170774690661110e-23
2.026776600000002038e-02 1.018921977973882899e-22
2.051190662500002038e-02 1.161603068868479698e-22
2.075604725000002038e-02 1.237701112268821122e-22
2.100018787500002038e-02 1.252171005602434180e-22
2.124432850000002038e-02 1.215469493767711583e-22
2.148846912500002038e-02 1.141385926651206482e-22
2.173260975000002038e-02 1.044693565534391967e-22
2.197675037500002038e-02 9.391199113151140834e-23
2.222089100000002038e-02 8.358506604322260328e-23
2.246503162500002038e-02 7.425333099095254160e-23
2.270917225000002038e-02 6.628547558126175709e-23
2.295331287500002038e-02 5.968335248226049148e-23
2.319745350000002038e-02 5.416809889424895510e-23
2.344159412500002038e-02 4.928585250628323985e-23
2.368573475000002038e-02 4.451362215750055413e-23
2.392987537500002038e-02 3.936553797621517638e-23
2.417401600000002038e-02 3.348466112432384355e-23
2.441815662500002038e-02 2.669210625752959728e-23
2.466229725000002038e-02 1.898992313541539019e-23
2.490643787500002038e-02 1.054021052979999178e-23
2.515057850000002038e-02 1.630184911157182217e-24
2.539471912500002038e-02 -7.385115753644246571e-24
2.563885975000002038e-02 -1.615359055980638189e-23
2.588300037500002038e-02 -2.438107705277562741e-23
2.612714100000002038e-02 -3.185968298320486730e-23
2.637128162500002038e-02 -3.848422768150486085e-23
2.661542225000002038e-02 -4.426039053650568524e-23
2.685956287500002038e-02 -4.928830000607254719e-23
2.710370350000002038e-02 -5.372126062871499131e-23
2.734784412500002038e-02 -5.772407155335434055e-23
2.759198475000002038e-02 -6.144285754692569988e-23
2.783612537500002038e-02 -6.497363185281658502e-23
2.808026600000002038e-02 -6.832746718666248887e-23
2.832440662500002038e-02 -7.141347994051525877e-23
2.856854725000002038e-02 -7.404868349462967823e-23
2.881268787500002038e-02 -7.597713132256616971e-23
2.905682850000002038e-02 -7.688899859066219077e-23
2.930096912500002038e-02 -7.645455488719482954e-23
2.954510975000002038e-02 -7.437818922195079807e-23
2.978925037500002038e-02 -7.045051079535546323e-23
3.003339100000002038e-02 -6.458321448659231929e-23
3.027753162500002038e-02 -5.683756825209435986e-23
3.052167225000002038e-02 -4.745153222003191558e-23
3.076581287500002038e-02 -3.684505940059485072e-23
3.100995350000002038e-02 -2.559035282687411956e-23
3.125409412500002038e-02 -1.436352016004841936e-23
3.149823475000002038e-02 -3.892988529837942367e-24
3.174237537500002038e-02 5.104452765921404264e-24
3.198651600000002038e-02 1.200426919745132420e-23
3.223065662500002038e-02 1.634749366909415253e-23
3.247479725000002038e-02 1.788493212624511400e-23
3.271893787500002038e-02 1.659981532489784258e-23
3.296307850000002038e-02 1.271893290619990568e-23
3.320721912500002038e-02 6.698305637154297025e-24
3.345135975000002038e-02 -8.276896687103891045e-25
3.369550037500002038e-02 -9.114337681667149217e-24
3.393964100000002038e-02 -1.736866716534343525e-23
3.418378162500002038e-02 -2.480967917780254643e-23
3.442792225000002038e-02 -3.073489289088554464e-23
3.467206287500002038e-02 -3.457603217173883192e-23
3.491620350000002038e-02 -3.592507904973807811e-23
3.516034412500002038e-02 -3.454187810434192718e-23
3.540448475000002038e-02 -3.036202382899785182e-23
3.564862537500002038e-02 -2.349782216175694442e-23
3.589276600000002038e-02 -1.421861852215171592e-23
3.613690662500002038e-02 -2.922892914520375089e-24
3.638104725000002038e-02 9.878963859566598002e-24
3.662518787500002038e-02 2.358017636537461542e-23
3.686932850000002038e-02 3.751024450533508122e-23
3.711346912500002038e-02 5.097748113566910738e-23
3.735760975000002038e-02 6.330337549633054637e-23
3.760175037500002038e-02 7.385518913344717840e-23
3.784589100000002038e-02 8.209272805940405727e-23
3.809003162500002038e-02 8.761833215394723044e-23
3.833417225000002038e-02 9.020594365872807189e-23
3.857831287500002038e-02 8.981018570403086234e-23
3.882245350000002038e-02 8.657107993650104885e-23
3.906659412500002038e-02 8.080786426610092880e-23
3.931073475000002038e-02 7.298358980829097957e-23
3.955487537500002038e-02 6.364864031765241395e-23
3.979901600000002038e-02 5.338893854120101238e-23
4.004315662500002038e-02 4.278246495633676316e-23
4.028729725000002038e-02 3.235087729827307822e-23
4.053143787500002038e-02 2.251402105317865059e-23
4.077557850000002038e-02 1.357034957797252741e-23
4.101971912500002038e-02 5.701843026352609892e-24
4.126385975000002038e-02 -1.018944801326559676e-24
4.150800037500002038e-02 -6.622766620876312128e-24
4.175214100000002038e-02 -1.122268970679902609e-23
4.199628162500002038e-02 -1.498213194750136545e-23
4.224042225000002038e-02 -1.809485243545877544e-23
4.248456287500002038e-02 -2.077873845315118838e-23
4.272870350000002038e-02 -2.326238160299708869e-23
4.297284412500002038e-02 -2.576087954903115717e-23
4.321698475000002038e-02 -2.845924893334880308e-23
4.346112537500002038e-02 -3.150511784019038232e-23
4.370526600000002038e-02 -3.499101229341440192e-23
4.394940662500002038e-02 -3.892484845006166990e-23
4.419354725000002038e-02 -4.321224567056218502e-23
4.443768787500002038e-02 -4.765930004844650529e-23
4.468182850000002038e-02 -5.197969259183039116e-23
4.492596912500002038e-02 -5.580304649038074488e-23
4.517010975000002038e-02 -5.870410483852646038e-23
4.541425037500002038e-02 -6.025615755312259363e-23
4.565839100000002038e-02 -6.008417969116906833e-23
4.590253162500002038e-02 -5.790399608036581837e-23
4.614667225000002038e-02 -5.355954214203335343e-23
4.639081287500002038e-02 -4.705984317471096441e-23
4.663495350000002038e-02 -3.859267686646200017e-23
4.687909412500002038e-02 -2.850492317952233777e-23
4.712323475000002038e-02 -1.726988942873918293e-23
4.736737537500002038e-02 -5.455575792212219462e-24
4.761151600000002038e-02 6.318028309732341424e-24
4.785565662500002038e-02 1.743628248403606316e-23
4.809979725000002038e-02 2.733856955704518570e-23
4.834393787500002038e-02 3.554379323560016528e-23
4.858807850000002038e-02 4.166904609445888452e-23
4.883221912500002038e-02 4.545445736543517473e-23
4.907635975000002038e-02 4.677966205752580168e-23
4.932050037500002038e-02 4.566128379685463766e-23
4.956464100000002038e-02 4.224834939369675132e-23
4.980878162500002038e-02 3.682794899282101865e-23
5.005292225000002038e-02 2.982339911567927867e-23
5.029706287500002038e-02 2.176899401718284485e-23
5.054120350000002038e-02 1.327571699166491217e-23
5.078534412500002038e-02 5.003396383731057995e-24
5.102948475000002038e-02 -2.373148201812183507e-24
5.127362537500002038e-02 -8.216755908405002212e-24
5.151776600000002038e-02 -1.198315649016422665e-23
5.176190662500002038e-02 -1.326059186943014526e-23
5.200604725000002038e-02 -1.180380102380302634e-23
5.225018787500002038e-02 -7.573436078743530643e-24
5.249432850000002038e-02 -7.606716520616856033e-25
5.273846912500002038e-02 8.227948266244363560e-24
5.298260975000002038e-02 1.881772634679143207e-23
5.322675037500002038e-02 3.032383803214931565e-23
5.347089100000002038e-02 4.201834187592047246e-23
5.371503162500002038e-02 5.320514948650537884e-23
5.395917225000002038e-02 6.327481011945194243e-23
5.420331287500002038e-02 7.171308660530319756e-23
5.444745350000002038e-02 7.808128277479715013e-23
5.469159412500002038e-02 8.200899203178444130e-23
5.493573475000002038e-02 8.321403588576353572e-23
5.517987537500002038e-02 8.154026654190797598e-23
5.542401600000002038e-02 7.700740668068017729e-23
5.566815662500002038e-02 6.985767730560411703e-23
5.591229725000002038e-02 6.055348001611703604e-23
